SIZES
  nstack                1703936
  nbuffer               272512
  nplugin               0
  maxuse_stack          282
  maxuse_arena          12312
  maxuse_con            6
  maxuse_efc            24
  solver_iter           1
  solver_nnz            36
  nbodypair_broad       3
  nbodypair_narrow      3
  ngeompair_mid         3
  ngeompair_narrow      3
  ne                    0
  nf                    0
  nefc                  20
  nnzJ                  120
  ncon                  5

TIMER
    0:  duration =  3.7        number = 9
    1:  duration =  3.5        number = 9
    2:  duration =  0          number = 0
    3:  duration =  2.8        number = 9
    4:  duration =  0.15       number = 9
    5:  duration =  0.047      number = 9
    6:  duration =  0.038      number = 9
    7:  duration =  0.4        number = 9
    8:  duration =  0.36       number = 9
    9:  duration =  0.05       number = 9
    10:  duration =  1.7        number = 9
    11:  duration =  0.6        number = 9
    12:  duration =  0.0071     number = 9

SOLVER STAT
  solver_iter = 1
  solver_nnz = 36
    0:  improvement =  0         gradient =  5.8e-16   lineslope =  0       
        nactive = 20   nchange = 0   neval = 2   nupdate = 0
solver_fwdinv =   0         0       

ENERGY =   0         0       

TIME =  4.7e+02 

QPOS
   3.3e-18 
   0.012   
   0.001   
   9.3e-06 
  -7.5e-06 
  -3.6e-19 

QVEL
   9.6e-19 
  -2.1e-16 
  -1.7e-16 
   4e-17   
   9e-19   
  -8.9e-19 

QACC_WARMSTART
   9.9e-17 
  -6.7e-14 
   3.5e-14 
   4.6e-14 
  -2.2e-14 
   8.9e-15 

CTRL
   0       
   0       
   0       
   0       
   0       
   0       

QFRC_APPLIED
   0       
   0       
   0       
   0       
   0       
   0       

XFRC_APPLIED
   0         0         0         0         0         0       
   0         0         0         0         0         0       
   0         0         0         0         0         0       
   0         0         0         0         0         0       
   0         0         0         0         0         0       
   0         0         0         0         0         0       
   0         0         0         0         0         0       
   0         0         0         0         0         0       

QACC
   9.9e-17 
  -6.7e-14 
   3.5e-14 
   4.6e-14 
  -2.2e-14 
   8.9e-15 

XPOS
   0         0         0       
   0         0         0       
   0         0         0.18    
  -0.18      0         0.18    
  -0.039     0.61      0.17    
  -0.039     1.2       0.17    
  -0.17      1.2       0.17    
  -0.17      1.2       0.046   

XQUAT
   1         0         0         0       
   0.71      0         0         0.71    
   0.71      0         0         0.71    
   0.5      -0.5       0.5       0.5     
   0.5      -0.5       0.5       0.5     
  -0.0047   -0.71      0.71     -0.0047  
  -0.0047   -0.71      0.71     -0.0047  
  -0.0047   -0.71      0.71     -0.0047  

XMAT
   1         0         0         0         1         0         0         0         1       
   0        -1         0         1         0         0         0         0         1       
   0        -1         0         1         0         0         0         0         1       
   2.8e-17  -1         0        -0.012     0         1        -1         0        -0.012   
  -2.8e-17  -1         0        -0.013     0         1        -1         0        -0.013   
   8.3e-18  -1         0        -1         8.3e-18  -0.013     0.013     0        -1       
   7.5e-06  -1        -8.7e-19  -1        -7.5e-06  -0.013     0.013     1e-07    -1       
   7.5e-06  -1        -8.7e-19  -1        -7.5e-06  -0.013     0.013     1e-07    -1       

XIPOS
   0         0         0       
   0         0         0       
   0         0         0.18    
  -0.18      0.31      0.18    
  -0.039     0.9       0.17    
  -0.17      1.2       0.17    
  -0.17      1.2       0.046   
  -0.27      1.2       0.046   

XIMAT
   1         0         0         0         1         0         0         0         1       
   0        -1         0         1         0         0         0         0         1       
   0        -1         0         1         0         0         0         0         1       
   2.8e-17  -1         0        -0.012     0         1        -1         0        -0.012   
  -2.8e-17  -1         0        -0.013     0         1        -1         0        -0.013   
   8e-18     0         1        -0.013     1         0        -1        -0.013    -8e-18   
  -5e-17    -7.5e-06   1        -0.013     1         7.5e-06  -1        -0.013    -1e-07   
   1        -7.5e-06   1.2e-18   7.5e-06   1         0.013    -1e-07    -0.013     1       

XANCHOR
   0         0         0.18    
  -0.18      0         0.18    
  -0.039     0.61      0.17    
  -0.039     1.2       0.17    
  -0.17      1.2       0.17    
  -0.17      1.2       0.046   

XAXIS
   0         0         1       
  -1         0         0       
  -1         0         0       
  -1        -2.2e-16   0       
   0        -0.013    -1       
  -1        -7.5e-06   1e-07   

GEOM_XPOS
   0         0         0       
   5e-07    -3.1e-06   0.094   
  -2.6e-06  -1.4e-07   0.031   
   0.011     3.2e-05   0.25    
  -0.089    -1.7e-06   0.18    
  -0.0017   -9.3e-06   0.16    
   0         0         0.13    
  -0.15      0.41      0.18    
  -0.15      0.24      0.18    
  -0.23      0.28      0.18    
  -0.18      0.3       0.18    
  -0.13      0         0.18    
  -0.18      0.3       0.18    
   0.0013    1.2       0.17    
  -0.063     1         0.17    
  -0.052     0.86      0.17    
  -0.039     0.89      0.17    
  -0.12      0.61      0.17    
  -0.039     0.9       0.17    
  -0.17      1.2       0.11    
  -0.18      1.2       0.21    
  -0.17      1.2       0.15    
  -0.099     1.2       0.17    
  -0.24      1.2       0.046   
  -0.13      1.2       0.041   
  -0.2       1.2       0.049   
  -0.17      1.2       0.12    
  -0.2       1.2       0.046   
  -0.27      1.2       0.046   
  -0.27      1.2       0.046   

GEOM_XMAT
   1         0         0         0         1         0         0         0         1       
   0        -0.3       0.95      0        -0.95     -0.3       1         0         0       
   4e-05     0.52      0.86     -2.5e-06  -0.86      0.52      1        -2.3e-05  -3.3e-05 
   0.25      0.97      0.0076    0.00034  -0.0079    1         0.97     -0.25     -0.0023  
  -1         2.7e-06   5.6e-06  -5.2e-06  -0.86     -0.51      3.4e-06  -0.51      0.86    
  -0.81      0.011    -0.58     -0.00073  -1        -0.017    -0.58     -0.013     0.81    
   0        -1         0         1         0         0         0         0         1       
  -0.99      0.027     0.12      0.12      0.0088    0.99      0.026     1        -0.012   
  -1         0.057    -0.0019   -0.0012    0.011     1         0.057     1        -0.011   
  -1         0.011     0.031     0.031     0.014     1         0.011     1        -0.014   
  -0.75     -0.66      0.00033  -0.0073    0.0088    1        -0.66      0.75     -0.011   
   1.3e-17   0         1        -0.012     1         0        -1        -0.012    -1.3e-17 
   2.8e-17  -1         0        -0.012     0         1        -1         0        -0.012   
  -0.95      0.0084   -0.3      -0.3      -0.014     0.95      0.0039    1         0.016   
   0.012    -0.99     -0.12     -0.012    -0.12      0.99     -1        -0.01     -0.013   
  -1         0.0061   -0.022    -0.022     0.013     1         0.0064    1        -0.013   
  -0.93      0.37      0.0003    0.0051    0.012     1         0.37      0.93     -0.013   
  -5.2e-17   0         1        -0.013     1         0        -1        -0.013    -3.1e-18 
  -2.8e-17  -1         0        -0.013     0         1        -1         0        -0.013   
  -6.3e-05   0.076     1        -0.013     1        -0.076    -1        -0.013     0.00094 
   0.3      -0.017     0.95     -0.013     1         0.022    -0.95     -0.019     0.3     
   0.62      0.00019   0.78     -0.011     1         0.0085   -0.78     -0.014     0.62    
   0         0         1        -1        -0.013     0         0.013    -1         0       
  -1        -0.00018  -0.0001   -7.1e-05   0.75     -0.66      0.0002   -0.66     -0.75    
  -0.95      0.0042   -0.3       0.0039    1         0.0013    0.3       0.00011  -0.95    
  -0.71      4.2e-05  -0.71      0.0094    1        -0.0093    0.71     -0.013    -0.71    
   7.5e-06  -1        -8.7e-19  -1        -7.5e-06  -0.013     0.013     1e-07    -1       
   7.5e-06   0         1        -1        -0.013     7.5e-06   0.013    -1        -1e-07   
  -1        -0.00025  -0.0025   -9.4e-05   1        -0.061     0.0026   -0.061    -1       
   7.5e-06   0         1        -1        -0.013     7.5e-06   0.013    -1        -1e-07   

SITE_XPOS
  -0.27      1.2       0.046   

SITE_XMAT
   7.5e-06   0        -1        -1         0.013    -7.5e-06   0.013     1         1e-07   

LIGHT_XPOS
   0        -1         2       
   0         0         1.5     

LIGHT_XDIR
  -0.062     0.74     -0.67    
   0         0        -1       

SUBTREE_COM
  -0.097     0.38      0.15    
  -0.097     0.38      0.15    
  -0.11      0.43      0.17    
  -0.15      0.59      0.16    
  -0.11      1         0.14    
  -0.18      1.2       0.1     
  -0.18      1.2       0.046   
  -0.27      1.2       0.046   

CDOF
   0         0         1        -0.38     -0.097     0       
  -1         0         0        -0        -0.035    -0.38    
  -1         0         0         0        -0.027     0.24    
  -1        -2.2e-16   0         4.4e-18  -0.02      0.81    
   0        -0.013    -1        -0.81     -0.077     0.001   
  -1        -7.5e-06   1e-07    -6.7e-07   0.1       0.81    

CINERT
   0         0         0         0         0         0         0         0         0         0       
   0.66      0.13      0.62      0.15      0.057    -0.22      0.39     -1.5      -0.58      4       
   1.1       0.11      1.2       0.28     -0.026     0.1       0.75     -2.9       0.27      7.8     
   0.5       0.13      0.57     -0.072     0.032     0.033    -1        -0.91      0.4       13      
   1.2       0.026     1.2      -0.12     -0.0052   -0.046     0.22      2         0.091     3.9     
   1.3       0.018     1.3       0.12      0.003    -0.031    -0.15      1.6       0.039     2       
   1.3       0.037     1.3       0.12     -0.015     0.16     -0.15      1.6      -0.2       2       
   0.13      0.008     0.14      0.028    -0.0034    0.016    -0.034     0.16     -0.02      0.2     

ACTUATOR_LENGTH
   3.3e-18 
   0.012   
   0.001   
   9.3e-06 
  -7.5e-06 
  -3.6e-19 

ACTUATOR_MOMENT
   1         0         0         0         0         0       
   0         1         0         0         0         0       
   0         0         1         0         0         0       
   0         0         0         1         0         0       
   0         0         0         0         1         0       
   0         0         0         0         0         1       

CRB
   0         0         0         0         0         0         0         0         0         0       
   6.2       0.46      6.3       0.51      0.041     0.012    -6.1e-16   1.1e-15   1e-15     33      
   5.5       0.33      5.7       0.37     -0.015     0.23     -0.39      1.5       0.58      29      
   4.4       0.22      4.5       0.083     0.011     0.13     -1.1       4.4       0.31      21      
   3.9       0.088     3.9       0.16     -0.021     0.097    -0.11      5.3      -0.087     8       
   2.7       0.062     2.7       0.27     -0.016     0.14     -0.34      3.3      -0.18      4.1     
   1.4       0.044     1.4       0.15     -0.019     0.17     -0.19      1.7      -0.22      2.2     
   0.13      0.008     0.14      0.028    -0.0034    0.016    -0.034     0.16     -0.02      0.2     

QM
   11        0.069     0.054     0.047    -0.011     2e-11   
   0.069     11        3.9       0.041    -0.0022    0.0002  
   0.054     3.9       1.9       0.042    -0.0022    0.0002  
   0.047     0.041     0.042     0.14     -0.0022    0.0002  
  -0.011    -0.0022   -0.0022   -0.0022    0.11      3.4e-19 
   2e-11     0.0002    0.0002    0.0002    3.4e-19   0.1     

QLD
   11       -0.0099    0.021     0.33     -0.099     2e-10   
  -0.0099    2.7       2.1       0.29     -0.021     0.002   
   0.021     2.1       1.9       0.29     -0.021     0.002   
   0.33      0.29      0.29      0.14     -0.021     0.002   
  -0.099    -0.021    -0.021    -0.021     0.11      3.4e-18 
   2e-10     0.002     0.002     0.002     3.4e-18   0.1     

QLDIAGINV
   0.089   
   0.37    
   0.53    
   7.1     
   9.3     
   10      

QLDIAGSQRTINV
   0.3     
   0.61    
   0.73    
   2.7     
   3.1     
   3.2     

D_rownnz              6 6 6 6 6 6

D_rowadr              0 6 12 18 24 30

D_colind              0 1 2 3 4 5 0 1 2 3 4 5 0 1 2 3 4 5 0 1 2 3 4 5 0 1 2 3 4 5 0 1 2 3 4 5

B_rownnz              6 6 6 6 6 6 6 6

B_rowadr              0 6 12 18 24 30 36 42

B_colind              0 1 2 3 4 5 0 1 2 3 4 5 0 1 2 3 4 5 0 1 2 3 4 5 0 1 2 3 4 5 0 1 2 3 4 5 0 1 2 3 4 5 0 1 2 3 4 5

QDERIV
  -5.1e+02   0         0         0         0         0       
   0        -5.1e+02   0         0         0         0       
   0         0        -5e+02     0         0         0       
   0         0         0        -5e+02     0         0       
   0         0         0         0        -5e+02     0       
   0         0         0         0         0        -5e+02   

QLU
   0         0         0         0         0         0       
   0         0         0         0         0         0       
   0         0         0         0         0         0       
   0         0         0         0         0         0       
   0         0         0         0         0         0       
   0         0         0         0         0         0       

CONTACT
  0:
     dim           3
     geom          floor 6
     exclude       0
     efc_address   0
     solref         0.02      1       
     solimp         0.9       0.95      0.001     0.5       2       
     dist          -0.027   
     includemargin  0       
     pos            0         0        -0.014   
     frame          0         0         1         1         0         0         0         1         0       
     friction       1         1         0.005     0.0001    0.0001  
     mu             1       
  1:
     dim           3
     geom          floor 27
     exclude       0
     efc_address   4
     solref         0.02      1       
     solimp         0.9       0.95      0.001     0.5       2       
     dist          -8.2e-05 
     includemargin  0       
     pos           -0.16      1.2      -4.1e-05 
     frame          0         0         1         1         7.5e-06   0        -7.5e-06   1         0       
     friction       1         1         0.005     0.0001    0.0001  
     mu             1       
  2:
     dim           3
     geom          floor 27
     exclude       0
     efc_address   8
     solref         0.02      1       
     solimp         0.9       0.95      0.001     0.5       2       
     dist          -8.2e-05 
     includemargin  0       
     pos           -0.24      1.2      -4.1e-05 
     frame          0         0         1         1         7.5e-06   0        -7.5e-06   1         0       
     friction       1         1         0.005     0.0001    0.0001  
     mu             1       
  3:
     dim           3
     geom          floor 29
     exclude       0
     efc_address   12
     solref         0.02      1       
     solimp         0.9       0.95      0.001     0.5       2       
     dist          -8.2e-05 
     includemargin  0       
     pos           -0.25      1.2      -4.1e-05 
     frame          0         0         1         0         1         0        -1         0         0       
     friction       1         1         0.005     0.0001    0.0001  
     mu             1       
  4:
     dim           3
     geom          floor 29
     exclude       0
     efc_address   16
     solref         0.02      1       
     solimp         0.9       0.95      0.001     0.5       2       
     dist          -8.2e-05 
     includemargin  0       
     pos           -0.29      1.2      -4.1e-05 
     frame          0         0         1         0         1         0        -1         0         0       
     friction       1         1         0.005     0.0001    0.0001  
     mu             1       

EFC_TYPE
  6
  6
  6
  6
  6
  6
  6
  6
  6
  6
  6
  6
  6
  6
  6
  6
  6
  6
  6
  6

EFC_ID
  0
  0
  0
  0
  1
  1
  1
  1
  2
  2
  2
  2
  3
  3
  3
  3
  4
  4
  4
  4

EFC_J
   0         0         0         0         0         0       
   0         0         0         0         0         0       
   0         0         0         0         0         0       
   0         0         0         0         0         0       
  -1.2      -1.2      -0.57      0.0016    0.00081   0       
   1.2      -1.2      -0.57      0.0016   -0.00041   0       
  -0.16     -1.4      -0.74     -0.16     -0.015     0       
   0.16     -1        -0.4       0.17      0.015     0       
  -1.2      -1.2      -0.57      0.0016   -0.00033   0       
   1.2      -1.2      -0.57      0.0016   -0.0016    0       
  -0.24     -1.4      -0.74     -0.16      0.07      0       
   0.24     -1        -0.4       0.17     -0.072     0       
  -0.25     -1.4      -0.74     -0.16      0.076    -0.046   
   0.25     -1        -0.4       0.17     -0.078     0.046   
   1.2      -1.2      -0.57      0.0016   -0.0016   -3.4e-07 
  -1.2      -1.2      -0.57      0.0016   -0.00041   3.4e-07 
  -0.29     -1.4      -0.74     -0.16      0.12     -0.046   
   0.29     -1        -0.4       0.17     -0.12      0.046   
   1.2      -1.2      -0.57      0.0016   -0.0022   -3.4e-07 
  -1.2      -1.2      -0.57      0.0016   -0.00095   3.4e-07 

EFC_POS
  -0.027   
  -0.027   
  -0.027   
  -0.027   
  -8.2e-05 
  -8.2e-05 
  -8.2e-05 
  -8.2e-05 
  -8.2e-05 
  -8.2e-05 
  -8.2e-05 
  -8.2e-05 
  -8.2e-05 
  -8.2e-05 
  -8.2e-05 
  -8.2e-05 
  -8.2e-05 
  -8.2e-05 
  -8.2e-05 
  -8.2e-05 

EFC_MARGIN
   0       
   0       
   0       
   0       
   0       
   0       
   0       
   0       
   0       
   0       
   0       
   0       
   0       
   0       
   0       
   0       
   0       
   0       
   0       
   0       

EFC_FRICTIONLOSS
   0       
   0       
   0       
   0       
   0       
   0       
   0       
   0       
   0       
   0       
   0       
   0       
   0       
   0       
   0       
   0       
   0       
   0       
   0       
   0       

EFC_DIAGAPPROX
   3.8e-14 
   3.8e-14 
   3.8e-14 
   3.8e-14 
   0.54    
   0.54    
   0.54    
   0.54    
   0.54    
   0.54    
   0.54    
   0.54    
   0.64    
   0.64    
   0.64    
   0.64    
   0.64    
   0.64    
   0.64    
   0.64    

EFC_KBIP
   2.8e+03   1.1e+02   0.95      0       
   2.8e+03   1.1e+02   0.95      0       
   2.8e+03   1.1e+02   0.95      0       
   2.8e+03   1.1e+02   0.95      0       
   2.8e+03   1.1e+02   0.9      -16      
   2.8e+03   1.1e+02   0.9      -16      
   2.8e+03   1.1e+02   0.9      -16      
   2.8e+03   1.1e+02   0.9      -16      
   2.8e+03   1.1e+02   0.9      -16      
   2.8e+03   1.1e+02   0.9      -16      
   2.8e+03   1.1e+02   0.9      -16      
   2.8e+03   1.1e+02   0.9      -16      
   2.8e+03   1.1e+02   0.9      -16      
   2.8e+03   1.1e+02   0.9      -16      
   2.8e+03   1.1e+02   0.9      -16      
   2.8e+03   1.1e+02   0.9      -16      
   2.8e+03   1.1e+02   0.9      -16      
   2.8e+03   1.1e+02   0.9      -16      
   2.8e+03   1.1e+02   0.9      -16      
   2.8e+03   1.1e+02   0.9      -16      

EFC_D
   5e+14   
   5e+14   
   5e+14   
   5e+14   
   17      
   17      
   17      
   17      
   17      
   17      
   17      
   17      
   14      
   14      
   14      
   14      
   14      
   14      
   14      
   14      

EFC_R
   2e-15   
   2e-15   
   2e-15   
   2e-15   
   0.06    
   0.06    
   0.06    
   0.06    
   0.06    
   0.06    
   0.06    
   0.06    
   0.071   
   0.071   
   0.071   
   0.071   
   0.071   
   0.071   
   0.071   
   0.071   

ACTUATOR_VELOCITY
   3.5e-19 
  -1.1e-16 
  -1.6e-16 
   2.7e-17 
   5.6e-18 
  -2.6e-18 

CVEL
   0         0         0         0         0         0       
   0         0         0         0         0         0       
   0         0         3.5e-19  -1.3e-19  -3.4e-20   0       
   1.1e-16   0         3.5e-19  -1.3e-19   3.9e-18   4.3e-17 
   2.7e-16   0         3.5e-19  -1.3e-19   8.3e-18   5.2e-18 
   2.5e-16  -5.9e-33   3.5e-19  -1.3e-19   7.8e-18   2.7e-17 
   2.5e-16  -7.4e-20  -5.2e-18  -4.6e-18   7.4e-18   2.7e-17 
   2.5e-16  -7.4e-20  -5.2e-18  -4.6e-18   7.1e-18   2.5e-17 

CDOF_DOT
   0         0         0         0         0         0       
   0        -3.5e-19   0         1.2e-20   0        -3.4e-20 
   0        -3.5e-19   0         9.5e-21  -7e-17     8.3e-19 
   7.7e-35  -3.5e-19  -6.1e-32   6.9e-21  -2.3e-16   2.9e-18 
   4.6e-21   2.5e-16  -3.3e-18  -7.4e-18  -6.7e-19  -1.9e-17 
  -3.9e-23   5.2e-18  -7.6e-20   4.6e-19  -2.3e-16   3.2e-17 

QFRC_BIAS
   5.1e-32 
  -1.2e+02 
  -34      
   0.034   
  -0.0024  
   0       

QFRC_PASSIVE
  -3.5e-18 
   1.1e-15 
   8e-16   
  -5.3e-17 
  -1.1e-17 
   5.3e-18 

EFC_VEL
   0       
   0       
   0       
   0       
   2.3e-16 
   2.3e-16 
   2.7e-16 
   1.8e-16 
   2.3e-16 
   2.3e-16 
   2.7e-16 
   1.8e-16 
   2.7e-16 
   1.8e-16 
   2.3e-16 
   2.3e-16 
   2.7e-16 
   1.8e-16 
   2.3e-16 
   2.3e-16 

EFC_AREF
   71      
   71      
   71      
   71      
   0.2     
   0.2     
   0.2     
   0.2     
   0.2     
   0.2     
   0.2     
   0.2     
   0.2     
   0.2     
   0.2     
   0.2     
   0.2     
   0.2     
   0.2     
   0.2     

SUBTREE_LINVEL
   0         0         0       
   0         0         0       
   0         0         0       
   0         0         0       
   0         0         0       
   0         0         0       
   0         0         0       
   0         0         0       

SUBTREE_ANGMOM
   0         0         0       
   0         0         0       
   0         0         0       
   0         0         0       
   0         0         0       
   0         0         0       
   0         0         0       
   0         0         0       

ACTUATOR_FORCE
  -1.7e-14 
  -61      
  -5.2     
  -0.047   
   0.037   
   3.1e-15 

QFRC_ACTUATOR
  -1.7e-14 
  -61      
  -5.2     
  -0.047   
   0.037   
   3.1e-15 

QFRC_SMOOTH
  -1.7e-14 
   60      
   29      
  -0.08    
   0.04    
   3.1e-15 

QACC_SMOOTH
  -0.05    
   0.13    
   15      
  -4.9     
   0.57    
  -0.021   

EFC_B
  -71      
  -71      
  -71      
  -71      
  -8.8     
  -8.9     
  -11      
  -7       
  -8.8     
  -8.9     
  -11      
  -7.1     
  -11      
  -7.1     
  -8.9     
  -8.8     
  -11      
  -7.1     
  -8.9     
  -8.8     

EFC_FORCE
   3.6e+16 
   3.6e+16 
   3.6e+16 
   3.6e+16 
   3.4     
   3.4     
   3.4     
   3.4     
   3.4     
   3.4     
   3.4     
   3.4     
   2.9     
   2.9     
   2.9     
   2.9     
   2.9     
   2.9     
   2.9     
   2.9     

EFC_STATE
  1
  1
  1
  1
  1
  1
  1
  1
  1
  1
  1
  1
  1
  1
  1
  1
  1
  1
  1
  1

QFRC_CONSTRAINT
   1.7e-14 
  -60      
  -29      
   0.08    
  -0.04    
  -2.2e-15 

QFRC_INVERSE
   0       
   0       
   0       
   0       
   0       
   0       

CACC
   0         0         0         0         0         0       
   0         0         0         0         0         0       
   0         0         0         0         0         0       
   0         0         0         0         0         0       
   0         0         0         0         0         0       
   0         0         0         0         0         0       
   0         0         0         0         0         0       
   0         0         0         0         0         0       

CFRC_INT
   0         0         0         0         0         0       
   0         0         0         0         0         0       
   0         0         0         0         0         0       
   0         0         0         0         0         0       
   0         0         0         0         0         0       
   0         0         0         0         0         0       
   0         0         0         0         0         0       
   0         0         0         0         0         0       

CFRC_EXT
   0         0         0         0         0         0       
   0         0         0         0         0         0       
   0         0         0         0         0         0       
   0         0         0         0         0         0       
   0         0         0         0         0         0       
   0         0         0         0         0         0       
   0         0         0         0         0         0       
   0         0         0         0         0         0       

